Year,"Vulnerable employment, female (% of female employment) (modeled ILO estimate)","Vulnerable employment, male (% of male employment) (modeled ILO estimate)"
1991,4.895663649,7.043312991
1992,5.010899059,7.134435581
1993,5.156408037,7.265717475
1994,5.067843568,7.065683007
1995,5.124283776,7.068276551
1996,4.927634791,6.788758687
1997,5.622101089,7.716966057
1998,6.384325053,8.791977975
1999,7.337083095,10.14077549
2000,7.592113125,10.63970915
2001,8.275748166,11.79303281
2002,8.194118581,11.89640764
2003,8.806204186,12.89234891
2004,8.931757775,13.23995795
2005,8.73964495,13.01678204
2006,7.873549466,11.77648163
2007,7.43112921,11.1466237
2008,7.631661452,11.37396136
2009,7.290560079,10.88977283
2010,7.396612819,11.00164871
2011,11.78366879,17.1271368
2012,12.65811378,19.1135677
2013,13.53452055,20.01913124
2014,14.81235914,21.12311297
2015,15.55841691,22.41562462
2016,16.09140076,23.48437686
2017,16.71696552,24.68699805
2018,17.00880659,25.06578403
2019,17.49381808,25.78895436
2020,17.63456552,26.25940956
2021,17.66602219,26.3292055
2022,17.47687026,26.17790941
2023,17.54615191,26.26499374
